% time     seconds  usecs/call     calls    errors syscall
------ ----------- ----------- --------- --------- ----------------
 27.97    0.048555          89       542           write
 27.86    0.048367          63       759           poll
 19.76    0.034299          58       591           rt_sigaction
 12.13    0.021051          69       302           read
  2.22    0.003854          42        91        13 openat
  1.82    0.003158          43        73         4 newfstatat
  1.62    0.002819          29        95         4 access
  1.32    0.002287          28        80           close
  1.27    0.002199          32        68         1 ioctl
  1.12    0.001944          24        80           fstat
  0.42    0.000732         122         6           getcwd
  0.39    0.000675          56        12        12 readlink
  0.38    0.000664         132         5         1 unlink
  0.23    0.000405          50         8           geteuid
  0.19    0.000328         164         2           fsync
  0.16    0.000286          31         9           fcntl
  0.16    0.000273           9        29           mmap
  0.15    0.000265          33         8           rt_sigprocmask
  0.13    0.000232          58         4           lseek
  0.13    0.000221          55         4           getpid
  0.13    0.000220          22        10           brk
  0.12    0.000208          52         4           uname
  0.05    0.000083          41         2         2 connect
  0.05    0.000082          41         2           getdents64
  0.04    0.000077          38         2           socket
  0.04    0.000073          24         3           getgid
  0.04    0.000073          24         3           getegid
  0.03    0.000055          18         3           getuid
  0.03    0.000053          26         2           setfsuid
  0.03    0.000051          25         2           setfsgid
  0.00    0.000000           0         5           mprotect
  0.00    0.000000           0         1           munmap
  0.00    0.000000           0         2           pread64
  0.00    0.000000           0         1           execve
  0.00    0.000000           0         1           arch_prctl
  0.00    0.000000           0         1           futex
  0.00    0.000000           0         1           set_tid_address
  0.00    0.000000           0         1           set_robust_list
  0.00    0.000000           0         1           prlimit64
  0.00    0.000000           0         1           getrandom
  0.00    0.000000           0         1           rseq
------ ----------- ----------- --------- --------- ----------------
100.00    0.173589          61      2817        37 total
